-1 -1 70.23 -1 44.66 99.22 24.7 -1 56.95 -1 60.38 100.09 67.71 -1 58.57 -1 -1 -1 25.45 34.7 51.54 76.8 -1 -1 -1 91.91 -1 -1 30.65 -1 
-1 -1 90.82 -1 33.34 40.07 80.88 72.68 -1 -1 -1 99.84 -1 -1 -1 -1 23.07 -1 -1 40.11 -1 71.07 -1 -1 -1 96.47 -1 -1 58.21 84.76 
70.23 90.82 -1 20.34 -1 -1 59.85 -1 100.59 -1 -1 52.05 37.21 -1 -1 -1 79.0 54.02 -1 -1 44.36 56.25 -1 -1 37.8 57.32 28.02 91.26 -1 95.64 
-1 -1 20.34 -1 -1 -1 -1 -1 -1 53.0 66.02 -1 60.95 -1 -1 -1 34.47 54.76 -1 30.69 91.47 -1 -1 -1 52.39 58.99 53.42 -1 -1 94.98 
44.66 33.34 -1 -1 -1 61.67 -1 47.66 88.0 -1 -1 48.6 -1 44.54 -1 74.04 33.76 -1 64.75 27.63 -1 40.68 42.38 -1 49.84 57.56 26.61 -1 84.02 -1 
99.22 40.07 -1 -1 61.67 -1 23.62 -1 -1 55.08 -1 85.44 -1 -1 99.41 82.52 41.11 -1 85.26 -1 85.16 -1 -1 82.5 -1 39.26 70.48 -1 -1 -1 
24.7 80.88 59.85 -1 -1 23.62 -1 -1 -1 -1 -1 49.41 97.59 45.97 -1 44.47 -1 -1 61.35 -1 84.82 -1 23.86 -1 27.3 -1 36.33 39.9 98.16 64.46 
-1 72.68 -1 -1 47.66 -1 -1 -1 -1 -1 -1 45.09 32.39 -1 -1 -1 -1 -1 -1 71.31 25.0 -1 -1 84.68 -1 33.56 -1 -1 -1 51.5 
56.95 -1 100.59 -1 88.0 -1 -1 -1 -1 32.43 42.5 38.72 -1 -1 -1 -1 94.57 -1 -1 24.69 32.58 -1 -1 -1 -1 99.2 -1 -1 65.6 79.1 
-1 -1 -1 53.0 -1 55.08 -1 -1 32.43 -1 62.17 -1 89.34 93.34 -1 33.03 -1 59.6 89.44 -1 96.37 59.25 99.42 93.68 23.49 -1 -1 43.04 43.58 61.23 
60.38 -1 -1 66.02 -1 -1 -1 -1 42.5 62.17 -1 -1 45.89 29.88 47.82 -1 -1 -1 -1 32.44 -1 83.79 58.01 26.44 53.55 -1 20.05 76.89 -1 -1 
100.09 99.84 52.05 -1 48.6 85.44 49.41 45.09 38.72 -1 -1 -1 -1 -1 82.43 31.56 37.11 -1 95.68 72.66 -1 74.58 -1 51.6 -1 64.96 -1 -1 -1 -1 
67.71 -1 37.21 60.95 -1 -1 97.59 32.39 -1 89.34 45.89 -1 -1 -1 74.88 -1 -1 53.34 62.95 -1 88.98 -1 -1 -1 -1 -1 -1 29.24 96.94 -1 
-1 -1 -1 -1 44.54 -1 45.97 -1 -1 93.34 29.88 -1 -1 -1 73.92 100.71 -1 -1 -1 -1 95.59 54.56 -1 -1 34.72 -1 35.9 49.22 -1 40.71 
58.57 -1 -1 -1 -1 99.41 -1 -1 -1 -1 47.82 82.43 74.88 73.92 -1 -1 36.36 -1 -1 22.56 -1 -1 -1 -1 -1 47.76 -1 -1 84.58 82.39 
-1 -1 -1 -1 74.04 82.52 44.47 -1 -1 33.03 -1 31.56 -1 100.71 -1 -1 74.33 -1 60.06 96.63 -1 -1 -1 39.13 -1 -1 100.43 71.23 -1 45.75 
-1 23.07 79.0 34.47 33.76 41.11 -1 -1 94.57 -1 -1 37.11 -1 -1 36.36 74.33 -1 72.68 -1 95.23 -1 78.33 -1 43.91 69.13 -1 -1 -1 30.72 -1 
-1 -1 54.02 54.76 -1 -1 -1 -1 -1 59.6 -1 -1 53.34 -1 -1 -1 72.68 -1 90.69 28.28 34.75 -1 44.77 -1 -1 91.44 -1 -1 52.06 -1 
25.45 -1 -1 -1 64.75 85.26 61.35 -1 -1 89.44 -1 95.68 62.95 -1 -1 60.06 -1 90.69 -1 -1 -1 -1 -1 -1 32.43 74.32 69.71 92.91 55.39 55.6 
34.7 40.11 -1 30.69 27.63 -1 -1 71.31 24.69 -1 32.44 72.66 -1 -1 22.56 96.63 95.23 28.28 -1 -1 -1 -1 68.19 57.72 86.81 74.93 -1 -1 25.04 81.39 
51.54 -1 44.36 91.47 -1 85.16 84.82 25.0 32.58 96.37 -1 -1 88.98 95.59 -1 -1 -1 34.75 -1 -1 -1 48.42 27.51 -1 24.21 -1 30.45 31.42 36.67 -1 
76.8 71.07 56.25 -1 40.68 -1 -1 -1 -1 59.25 83.79 74.58 -1 54.56 -1 -1 78.33 -1 -1 -1 48.42 -1 36.94 -1 -1 39.46 79.02 49.21 44.79 47.45 
-1 -1 -1 -1 42.38 -1 23.86 -1 -1 99.42 58.01 -1 -1 -1 -1 -1 -1 44.77 -1 68.19 27.51 36.94 -1 -1 -1 -1 54.57 37.89 43.29 66.47 
-1 -1 -1 -1 -1 82.5 -1 84.68 -1 93.68 26.44 51.6 -1 -1 -1 39.13 43.91 -1 -1 57.72 -1 -1 -1 -1 63.69 21.43 91.94 -1 40.11 72.68 
-1 -1 37.8 52.39 49.84 -1 27.3 -1 -1 23.49 53.55 -1 -1 34.72 -1 -1 69.13 -1 32.43 86.81 24.21 -1 -1 63.69 -1 -1 54.41 -1 -1 98.57 
91.91 96.47 57.32 58.99 57.56 39.26 -1 33.56 99.2 -1 -1 64.96 -1 -1 47.76 -1 -1 91.44 74.32 74.93 -1 39.46 -1 21.43 -1 -1 -1 -1 -1 77.68 
-1 -1 28.02 53.42 26.61 70.48 36.33 -1 -1 -1 20.05 -1 -1 35.9 -1 100.43 -1 -1 69.71 -1 30.45 79.02 54.57 91.94 54.41 -1 -1 59.25 73.19 -1 
-1 -1 91.26 -1 -1 -1 39.9 -1 -1 43.04 76.89 -1 29.24 49.22 -1 71.23 -1 -1 92.91 -1 31.42 49.21 37.89 -1 -1 -1 59.25 -1 -1 24.7 
30.65 58.21 -1 -1 84.02 -1 98.16 -1 65.6 43.58 -1 -1 96.94 -1 84.58 -1 30.72 52.06 55.39 25.04 36.67 44.79 43.29 40.11 -1 -1 73.19 -1 -1 -1 
-1 84.76 95.64 94.98 -1 -1 64.46 51.5 79.1 61.23 -1 -1 -1 40.71 82.39 45.75 -1 -1 55.6 81.39 -1 47.45 66.47 72.68 98.57 77.68 -1 24.7 -1 -1 
