-1 -1 -1 -1 -1 70.51 28.14 -1 100.9 -1 -1 -1 -1 51.75 -1 -1 -1 -1 -1 -1 44.2 23.29 35.66 70.57 -1 55.58 -1 28.71 -1 -1 
-1 -1 -1 -1 85.94 20.19 -1 26.13 -1 25.53 -1 -1 94.07 71.72 88.69 -1 -1 94.63 79.27 56.71 99.02 -1 -1 -1 -1 96.59 -1 71.98 32.19 -1 
-1 -1 -1 24.58 -1 -1 52.7 75.76 -1 -1 -1 33.38 -1 -1 -1 82.72 -1 -1 -1 21.73 28.3 -1 82.48 47.75 -1 -1 -1 91.37 -1 -1 
-1 -1 24.58 -1 69.5 52.9 81.78 55.3 -1 -1 -1 -1 -1 -1 34.37 -1 87.69 -1 35.77 -1 91.44 -1 -1 93.94 57.63 -1 75.51 97.96 71.34 65.24 
-1 85.94 -1 69.5 -1 -1 76.93 49.42 99.83 -1 63.63 47.17 52.54 -1 26.51 -1 -1 -1 67.18 -1 69.26 -1 -1 -1 41.38 -1 -1 -1 73.86 82.3 
70.51 20.19 -1 52.9 -1 -1 -1 -1 -1 73.63 86.47 31.19 36.55 -1 47.23 71.99 78.57 -1 39.84 -1 60.56 -1 28.2 24.58 -1 -1 29.83 -1 69.95 22.06 
28.14 -1 52.7 81.78 76.93 -1 -1 -1 85.21 -1 73.72 -1 -1 32.74 -1 -1 -1 67.96 93.83 -1 85.72 -1 -1 -1 -1 46.27 -1 -1 -1 95.01 
-1 26.13 75.76 55.3 49.42 -1 -1 -1 -1 -1 -1 27.32 -1 -1 63.34 55.84 -1 75.05 66.22 -1 33.44 74.02 -1 -1 47.01 39.65 51.18 74.68 62.39 71.84 
100.9 -1 -1 -1 99.83 -1 85.21 -1 -1 30.1 -1 84.36 -1 41.86 -1 -1 62.57 -1 -1 23.85 -1 51.29 88.11 -1 64.11 59.29 -1 95.54 38.34 65.68 
-1 25.53 -1 -1 -1 73.63 -1 -1 30.1 -1 66.73 46.27 42.47 96.38 79.93 52.7 76.67 28.8 -1 -1 -1 -1 -1 54.48 31.53 21.41 -1 74.48 -1 68.02 
-1 -1 -1 -1 63.63 86.47 73.72 -1 -1 66.73 -1 61.58 -1 36.1 96.93 -1 -1 -1 79.02 -1 31.84 -1 -1 -1 -1 -1 70.77 50.86 40.02 -1 
-1 -1 33.38 -1 47.17 31.19 -1 27.32 84.36 46.27 61.58 -1 80.74 92.13 57.89 88.14 64.01 48.08 44.42 78.72 -1 34.13 48.12 28.95 99.11 -1 81.98 80.24 88.14 44.57 
-1 94.07 -1 -1 52.54 36.55 -1 -1 -1 42.47 -1 80.74 -1 36.41 24.08 -1 45.48 64.04 -1 -1 -1 93.05 -1 51.29 -1 97.19 40.95 -1 75.27 -1 
51.75 71.72 -1 -1 -1 -1 32.74 -1 41.86 96.38 36.1 92.13 36.41 -1 -1 61.68 -1 70.34 -1 -1 -1 -1 54.83 36.09 -1 -1 51.09 79.75 -1 98.97 
-1 88.69 -1 34.37 26.51 47.23 -1 63.34 -1 79.93 96.93 57.89 24.08 -1 -1 -1 -1 -1 26.86 99.37 -1 42.37 48.84 61.38 -1 -1 -1 26.81 23.35 -1 
-1 -1 82.72 -1 -1 71.99 -1 55.84 -1 52.7 -1 88.14 -1 61.68 -1 -1 73.67 -1 23.47 42.54 -1 -1 -1 -1 -1 54.48 20.98 -1 -1 -1 
-1 -1 -1 87.69 -1 78.57 -1 -1 62.57 76.67 -1 64.01 45.48 -1 -1 73.67 -1 47.95 -1 28.85 -1 -1 -1 68.34 99.46 -1 78.57 -1 -1 -1 
-1 94.63 -1 -1 -1 -1 67.96 75.05 -1 28.8 -1 48.08 64.04 70.34 -1 -1 47.95 -1 -1 -1 63.88 65.46 -1 52.15 -1 -1 93.86 -1 57.52 -1 
-1 79.27 -1 35.77 67.18 39.84 93.83 66.22 -1 -1 79.02 44.42 -1 -1 26.86 23.47 -1 -1 -1 -1 100.1 -1 42.68 99.16 -1 -1 52.95 -1 -1 52.52 
-1 56.71 21.73 -1 -1 -1 -1 -1 23.85 -1 -1 78.72 -1 -1 99.37 42.54 28.85 -1 -1 -1 -1 -1 -1 28.26 -1 68.95 -1 -1 51.95 -1 
44.2 99.02 28.3 91.44 69.26 60.56 85.72 33.44 -1 -1 31.84 -1 -1 -1 -1 -1 -1 63.88 100.1 -1 -1 -1 -1 -1 95.75 54.04 55.74 -1 -1 -1 
23.29 -1 -1 -1 -1 -1 -1 74.02 51.29 -1 -1 34.13 93.05 -1 42.37 -1 -1 65.46 -1 -1 -1 -1 -1 34.81 23.31 -1 48.83 44.67 28.14 97.91 
35.66 -1 82.48 -1 -1 28.2 -1 -1 88.11 -1 -1 48.12 -1 54.83 48.84 -1 -1 -1 42.68 -1 -1 -1 -1 -1 100.61 -1 38.68 70.88 -1 -1 
70.57 -1 47.75 93.94 -1 24.58 -1 -1 -1 54.48 -1 28.95 51.29 36.09 61.38 -1 68.34 52.15 99.16 28.26 -1 34.81 -1 -1 -1 43.42 -1 43.77 -1 99.76 
-1 -1 -1 57.63 41.38 -1 -1 47.01 64.11 31.53 -1 99.11 -1 -1 -1 -1 99.46 -1 -1 -1 95.75 23.31 100.61 -1 -1 -1 38.56 -1 77.15 -1 
55.58 96.59 -1 -1 -1 -1 46.27 39.65 59.29 21.41 -1 -1 97.19 -1 -1 54.48 -1 -1 -1 68.95 54.04 -1 -1 43.42 -1 -1 -1 97.9 100.47 65.7 
-1 -1 -1 75.51 -1 29.83 -1 51.18 -1 -1 70.77 81.98 40.95 51.09 -1 20.98 78.57 93.86 52.95 -1 55.74 48.83 38.68 -1 38.56 -1 -1 100.81 31.65 -1 
28.71 71.98 91.37 97.96 -1 -1 -1 74.68 95.54 74.48 50.86 80.24 -1 79.75 26.81 -1 -1 -1 -1 -1 -1 44.67 70.88 43.77 -1 97.9 100.81 -1 -1 -1 
-1 32.19 -1 71.34 73.86 69.95 -1 62.39 38.34 -1 40.02 88.14 75.27 -1 23.35 -1 -1 57.52 -1 51.95 -1 28.14 -1 -1 77.15 100.47 31.65 -1 -1 -1 
-1 -1 -1 65.24 82.3 22.06 95.01 71.84 65.68 68.02 -1 44.57 -1 98.97 -1 -1 -1 -1 52.52 -1 -1 97.91 -1 99.76 -1 65.7 -1 -1 -1 -1 
